epoca,loss,accuracy,recall,precision,lr 
1,0.6929100155830383,0.5119,0.4822,0.51321,0.0002000000
2,0.6927400231361389,0.51348,0.59716,0.51452,0.0002000000
3,0.685509979724884,0.52101,0.62213,0.51899,0.0002000000
4,0.6706900000572205,0.53751,0.57962,0.53598,0.0002000000
5,0.659089982509613,0.55543,0.59357,0.55263,0.0002000000
6,0.6468200087547302,0.56995,0.61016,0.56628,0.0002000000
7,0.6410199999809265,0.58036,0.61862,0.57584,0.0002000000
8,0.6193199753761292,0.5906,0.62758,0.58516,0.0002000000
9,0.5764999985694885,0.60306,0.63828,0.59676,0.0002000000
10,0.5539900064468384,0.61582,0.65127,0.60854,0.0002000000
11,0.5362399816513062,0.62745,0.66488,0.61926,0.0002000000
12,0.5231099724769592,0.63792,0.67607,0.62874,0.0002000000
13,0.5089600086212158,0.64737,0.68739,0.63718,0.0002000000
14,0.5063599944114685,0.6555,0.69909,0.64349,0.0002000000
15,0.4959999918937683,0.66271,0.7091,0.64934,0.0002000000
16,0.477620005607605,0.66979,0.7174,0.65554,0.0002000000
17,0.46807000041007996,0.67673,0.72501,0.66169,0.0002000000
18,0.4679099917411804,0.68307,0.73218,0.66744,0.0002000000
19,0.4676800072193146,0.68869,0.73816,0.67237,0.0002000000
20,0.4541800022125244,0.69382,0.74297,0.67704,0.0002000000
21,0.4424299895763397,0.6989,0.7477,0.68174,0.0002000000
22,0.4375999867916107,0.7038,0.75318,0.68595,0.0002000000
23,0.44297999143600464,0.70813,0.75702,0.69005,0.0002000000
24,0.42451000213623047,0.71215,0.75957,0.69416,0.0002000000
25,0.4261400103569031,0.71614,0.76336,0.69788,0.0002000000
26,0.4200200140476227,0.71991,0.7669,0.70144,0.0002000000
27,0.42028000950813293,0.72346,0.77029,0.70466,0.0002000000
28,0.40786999464035034,0.72684,0.77329,0.70792,0.0002000000
29,0.4051100015640259,0.73013,0.77632,0.711,0.0002000000
30,0.39122000336647034,0.7334,0.77997,0.71378,0.0002000000
31,0.39375999569892883,0.73655,0.78307,0.71665,0.0002000000
32,0.3965199887752533,0.7394,0.78551,0.71935,0.0002000000
33,0.38798999786376953,0.74211,0.78789,0.72189,0.0002000000
34,0.38850000500679016,0.74471,0.79029,0.72434,0.0002000000
35,0.37762001156806946,0.74729,0.79266,0.72677,0.0002000000
36,0.3746199905872345,0.74987,0.79501,0.72921,0.0002000000
37,0.3756900131702423,0.75228,0.7973,0.73149,0.0002000000
38,0.3706200122833252,0.75457,0.79984,0.73346,0.0002000000
39,0.3658199906349182,0.75683,0.80215,0.73558,0.0002000000
40,0.3640899956226349,0.75901,0.80431,0.73757,0.0002000000
41,0.363290011882782,0.76111,0.80645,0.73948,0.0002000000
42,0.35936999320983887,0.76312,0.80837,0.74135,0.0002000000
43,0.3631399869918823,0.76501,0.8097,0.74333,0.0002000000
44,0.3446100056171417,0.76695,0.81101,0.74537,0.0002000000
45,0.34623000025749207,0.76891,0.81231,0.74749,0.0002000000
46,0.3397600054740906,0.77083,0.81352,0.74958,0.0002000000
47,0.34411001205444336,0.77267,0.81518,0.75138,0.0002000000
48,0.33917999267578125,0.77444,0.81682,0.75309,0.0002000000
49,0.33594998717308044,0.77616,0.81803,0.75493,0.0002000000
50,0.33122000098228455,0.77783,0.81938,0.75657,0.0002000000
51,0.32339999079704285,0.77953,0.82096,0.75816,0.0002000000
52,0.3231000006198883,0.78121,0.8225,0.75979,0.0002000000
53,0.3206000030040741,0.78284,0.82403,0.76138,0.0002000000
54,0.32864999771118164,0.78437,0.82537,0.76287,0.0002000000
55,0.31439000368118286,0.78585,0.82657,0.76441,0.0002000000
56,0.3147999942302704,0.78738,0.82783,0.76596,0.0002000000
57,0.3089999854564667,0.78886,0.82922,0.76736,0.0002000000
58,0.31922999024391174,0.79028,0.83059,0.76873,0.0002000000
59,0.3064500093460083,0.79164,0.83171,0.77011,0.0002000000
60,0.3031800091266632,0.79304,0.83273,0.7716,0.0002000000
61,0.30873000621795654,0.79438,0.83371,0.77302,0.0002000000
62,0.30877000093460083,0.79564,0.83461,0.77434,0.0002000000
63,0.304610013961792,0.79687,0.83555,0.77563,0.0002000000
64,0.30289000272750854,0.79809,0.83651,0.77693,0.0002000000
65,0.3062500059604645,0.79928,0.83752,0.77817,0.0002000000
66,0.2992100119590759,0.80043,0.83867,0.77922,0.0002000000
67,0.296860009431839,0.80157,0.83972,0.78033,0.0002000000
68,0.2910900115966797,0.80272,0.84057,0.78157,0.0002000000
69,0.28984999656677246,0.80386,0.84148,0.78278,0.0002000000
70,0.2886199951171875,0.80498,0.84233,0.78396,0.0002000000
71,0.2851099967956543,0.80608,0.84325,0.7851,0.0002000000
72,0.29045000672340393,0.80715,0.84421,0.78614,0.0002000000
73,0.2874400019645691,0.80818,0.84502,0.7872,0.0002000000
74,0.2865400016307831,0.80918,0.84571,0.78829,0.0002000000
75,0.27911001443862915,0.81018,0.84637,0.78937,0.0002000000
76,0.2781499922275543,0.8112,0.84712,0.79046,0.0002000000
77,0.27950000762939453,0.81219,0.84787,0.79152,0.0002000000
78,0.2853600084781647,0.81314,0.8487,0.79247,0.0002000000
79,0.27316001057624817,0.81408,0.84969,0.79332,0.0002000000
80,0.2887600064277649,0.81497,0.85055,0.79417,0.0002000000
81,0.28176000714302063,0.8158,0.85131,0.79498,0.0002000000
82,0.2769399881362915,0.81666,0.85218,0.79572,0.0002000000
83,0.272489994764328,0.81753,0.85306,0.79652,0.0002000000
84,0.26861000061035156,0.81841,0.85371,0.79744,0.0002000000
85,0.2665199935436249,0.81928,0.8543,0.79841,0.0002000000
86,0.27724000811576843,0.8201,0.85485,0.79935,0.0002000000
87,0.2644500136375427,0.82091,0.85543,0.80023,0.0002000000
88,0.2667100131511688,0.82172,0.85604,0.80111,0.0002000000
89,0.2643299996852875,0.82253,0.85673,0.80194,0.0002000000
90,0.2628999948501587,0.82332,0.85748,0.80271,0.0002000000
91,0.2737399935722351,0.82408,0.85822,0.80342,0.0002000000
92,0.2592099905014038,0.82481,0.85896,0.80408,0.0002000000
93,0.26805999875068665,0.82556,0.85961,0.80482,0.0002000000
94,0.25505000352859497,0.82629,0.86029,0.80551,0.0002000000
95,0.26589998602867126,0.82701,0.86099,0.80617,0.0002000000
96,0.25832998752593994,0.82771,0.86159,0.80688,0.0002000000
97,0.25422000885009766,0.82843,0.86208,0.80768,0.0002000000
98,0.2598100006580353,0.82912,0.86249,0.80848,0.0002000000
99,0.25661998987197876,0.82979,0.86305,0.80917,0.0002000000
100,0.2593899965286255,0.83045,0.86359,0.80983,0.0002000000
101,0.250900000333786,0.83111,0.86405,0.81058,0.0002000000
102,0.2518700063228607,0.83178,0.86461,0.81127,0.0002000000
103,0.2530199885368347,0.83243,0.86509,0.81197,0.0002000000
104,0.25589999556541443,0.83305,0.86545,0.81273,0.0002000000
105,0.2513999938964844,0.83367,0.86595,0.81337,0.0002000000
106,0.2481900006532669,0.8343,0.86647,0.81402,0.0002000000
107,0.24775999784469604,0.83493,0.8669,0.81473,0.0002000000
108,0.24845999479293823,0.83554,0.86733,0.8154,0.0002000000
109,0.24413999915122986,0.83614,0.86778,0.81604,0.0002000000
110,0.24354000389575958,0.83675,0.86828,0.8167,0.0002000000
111,0.24616000056266785,0.83734,0.86879,0.81727,0.0002000000
112,0.2434699982404709,0.83793,0.86934,0.81782,0.0002000000
113,0.24229000508785248,0.8385,0.86977,0.81844,0.0002000000
114,0.24202999472618103,0.83907,0.87011,0.81912,0.0002000000
115,0.24371999502182007,0.83964,0.87047,0.81976,0.0002000000
116,0.24683000147342682,0.84017,0.87086,0.82036,0.0002000000
117,0.23799000680446625,0.8407,0.87119,0.82096,0.0002000000
118,0.2418999969959259,0.84124,0.87154,0.82158,0.0002000000
119,0.23383000493049622,0.84178,0.87194,0.82216,0.0002000000
120,0.23892000317573547,0.84232,0.87236,0.82273,0.0002000000
121,0.241689994931221,0.84284,0.87278,0.82327,0.0002000000
122,0.2380799949169159,0.84334,0.87323,0.82379,0.0002000000
123,0.2351599931716919,0.84385,0.87369,0.82431,0.0002000000
124,0.23701000213623047,0.84436,0.87406,0.82487,0.0002000000
125,0.2341099977493286,0.84486,0.8744,0.82543,0.0002000000
126,0.22865000367164612,0.84536,0.87482,0.82595,0.0002000000
127,0.22809000313282013,0.84587,0.87521,0.82651,0.0002000000
128,0.2355400025844574,0.84637,0.87565,0.82701,0.0002000000
129,0.23757000267505646,0.84683,0.87602,0.82748,0.0002000000
130,0.23228000104427338,0.84728,0.87639,0.82795,0.0002000000
131,0.2371399998664856,0.84774,0.87682,0.82839,0.0002000000
132,0.2281399965286255,0.84819,0.87722,0.82885,0.0002000000
133,0.22679999470710754,0.84865,0.87758,0.82934,0.0002000000
134,0.22562000155448914,0.84912,0.87793,0.82982,0.0002000000
135,0.22709999978542328,0.84957,0.87825,0.83031,0.0002000000
136,0.22599999606609344,0.85003,0.87858,0.83079,0.0002000000
137,0.22405000030994415,0.8505,0.87899,0.83124,0.0002000000
138,0.2322400063276291,0.85095,0.87934,0.83168,0.0002000000
139,0.22126999497413635,0.85141,0.87965,0.83214,0.0002000000
140,0.22390000522136688,0.85187,0.88002,0.83258,0.0002000000
141,0.219760000705719,0.85233,0.88041,0.83302,0.0002000000
142,0.2222999930381775,0.85279,0.88078,0.83344,0.0002000000
143,0.22006000578403473,0.85323,0.88118,0.83384,0.0002000000
144,0.22495000064373016,0.85366,0.88159,0.83421,0.0002000000
145,0.22479000687599182,0.85407,0.88198,0.83458,0.0002000000
146,0.2207999974489212,0.8545,0.88232,0.83497,0.0002000000
147,0.2189899981021881,0.85492,0.88267,0.83537,0.0002000000
148,0.22457000613212585,0.85534,0.88305,0.83574,0.0002000000
149,0.22735999524593353,0.85572,0.88343,0.83605,0.0002000000
150,0.21726000308990479,0.85611,0.88378,0.8364,0.0002000000
151,0.21541999280452728,0.85652,0.88411,0.83681,0.0002000000
152,0.2274799942970276,0.85691,0.88441,0.83718,0.0002000000
153,0.21477000415325165,0.85729,0.88467,0.83757,0.0002000000
154,0.21533000469207764,0.8577,0.88496,0.83798,0.0001000000
155,0.21472999453544617,0.85809,0.8853,0.83833,0.0001000000
156,0.21017999947071075,0.85849,0.88562,0.83871,0.0001000000
157,0.2073100060224533,0.8589,0.88591,0.83914,0.0001000000
158,0.20552000403404236,0.85931,0.8862,0.83957,0.0001000000
159,0.20949000120162964,0.85972,0.88648,0.84,0.0001000000
160,0.213809996843338,0.8601,0.88679,0.84037,0.0001000000
161,0.2072799950838089,0.86049,0.88716,0.84071,0.0001000000
162,0.20693999528884888,0.86088,0.8875,0.84107,0.0001000000
163,0.20744000375270844,0.86126,0.88776,0.84148,0.0001000000
164,0.20558999478816986,0.86165,0.88796,0.84191,0.0001000000
165,0.2043199986219406,0.86203,0.88821,0.84231,0.0001000000
166,0.20841999351978302,0.86241,0.8885,0.84266,0.0001000000
167,0.2050500065088272,0.86278,0.88881,0.84301,0.0001000000
168,0.2047400027513504,0.86315,0.88913,0.84335,0.0001000000
169,0.20208999514579773,0.86352,0.88945,0.84371,0.0001000000
170,0.20196999609470367,0.86389,0.88971,0.84409,0.0001000000
171,0.2026599943637848,0.86426,0.88995,0.84448,0.0001000000
172,0.2033199965953827,0.86462,0.89022,0.84485,0.0001000000
173,0.20194000005722046,0.86497,0.8905,0.8452,0.0001000000
174,0.20434999465942383,0.86532,0.89077,0.84556,0.0001000000
175,0.20160000026226044,0.86567,0.89103,0.84589,0.0001000000
176,0.20170000195503235,0.86602,0.8913,0.84623,0.0001000000
177,0.20446999371051788,0.86636,0.89155,0.84657,0.0001000000
178,0.20125000178813934,0.86668,0.8918,0.8469,0.0001000000
179,0.20625999569892883,0.86701,0.89207,0.8472,0.0001000000
180,0.20451000332832336,0.86732,0.89235,0.8475,0.0001000000
181,0.20101000368595123,0.86765,0.89263,0.8478,0.0001000000
182,0.20440000295639038,0.86797,0.89294,0.84808,0.0001000000
183,0.200080007314682,0.86828,0.89325,0.84836,0.0001000000
184,0.20062999427318573,0.8686,0.89354,0.84864,0.0001000000
185,0.19995999336242676,0.86891,0.89383,0.84892,0.0001000000
186,0.1992100030183792,0.86923,0.89408,0.84922,0.0001000000
187,0.20146000385284424,0.86955,0.89431,0.84954,0.0001000000
188,0.1998399943113327,0.86985,0.89457,0.84982,0.0001000000
189,0.1998099982738495,0.87015,0.89481,0.8501,0.0001000000
190,0.1957699954509735,0.87046,0.89504,0.85042,0.0001000000
191,0.1990399956703186,0.87077,0.89521,0.85075,0.0001000000
192,0.19621999561786652,0.87106,0.89542,0.85105,0.0001000000
193,0.19795000553131104,0.87136,0.89568,0.85132,0.0001000000
194,0.2012999951839447,0.87165,0.8959,0.85161,0.0001000000
195,0.19726000726222992,0.87194,0.89609,0.85192,0.0000500000
196,0.1964700073003769,0.87223,0.89627,0.85223,0.0000500000
197,0.1978600025177002,0.87251,0.89647,0.85252,0.0000500000
198,0.19543999433517456,0.8728,0.89669,0.8528,0.0000500000
199,0.19559000432491302,0.87308,0.89691,0.85308,0.0000500000
200,0.19307999312877655,0.87337,0.89714,0.85336,0.0000500000
201,0.19461999833583832,0.87366,0.89735,0.85365,0.0000500000
202,0.19245000183582306,0.87394,0.89756,0.85393,0.0000500000
203,0.19461999833583832,0.87422,0.89777,0.85421,0.0000500000
204,0.1962299942970276,0.87449,0.89795,0.8545,0.0000500000
205,0.19121000170707703,0.87477,0.89813,0.85479,0.0000500000
206,0.19367000460624695,0.87504,0.89832,0.85508,0.0000500000
207,0.19259999692440033,0.87532,0.89852,0.85536,0.0000500000
208,0.19339999556541443,0.87558,0.89872,0.85563,0.0000500000
209,0.19311000406742096,0.87585,0.89893,0.85588,0.0000500000
210,0.1941000074148178,0.87611,0.89913,0.85614,0.0000250000
211,0.19458000361919403,0.87636,0.89931,0.85639,0.0000250000
212,0.19366000592708588,0.87661,0.8995,0.85664,0.0000250000
213,0.19538000226020813,0.87686,0.89968,0.8569,0.0000250000
214,0.19312000274658203,0.87711,0.89986,0.85715,0.0000250000
215,0.19392000138759613,0.87735,0.90005,0.8574,0.0000250000
216,0.19221000373363495,0.8776,0.90023,0.85767,0.0000250000
217,0.1932699978351593,0.87785,0.90042,0.85792,0.0000250000
218,0.19394999742507935,0.87809,0.90062,0.85815,0.0000250000
219,0.19298000633716583,0.87833,0.90081,0.85839,0.0000250000
220,0.19243000447750092,0.87857,0.90099,0.85863,0.0000250000
221,0.19520999491214752,0.8788,0.90115,0.85887,0.0000250000
222,0.19283999502658844,0.87903,0.90133,0.85911,0.0000250000
223,0.1940000057220459,0.87926,0.9015,0.85933,0.0000250000
224,0.19431999325752258,0.87949,0.90165,0.85957,0.0000250000
225,0.19315999746322632,0.87971,0.90179,0.85981,0.0000250000
226,0.19311000406742096,0.87994,0.90194,0.86004,0.0000250000
227,0.19200000166893005,0.88016,0.9021,0.86028,0.0000250000
228,0.19338999688625336,0.88038,0.90226,0.86051,0.0000125000
229,0.19298000633716583,0.8806,0.90243,0.86073,0.0000125000
230,0.1949000060558319,0.88081,0.9026,0.86093,0.0000125000
231,0.193900004029274,0.88103,0.90276,0.86115,0.0000125000
232,0.1928499937057495,0.88124,0.90293,0.86136,0.0000125000
233,0.19447000324726105,0.88145,0.90309,0.86158,0.0000125000
234,0.19333000481128693,0.88166,0.90325,0.8618,0.0000125000
235,0.19404000043869019,0.88187,0.9034,0.86201,0.0000125000
236,0.1931300014257431,0.88208,0.90354,0.86222,0.0000125000
237,0.19381000101566315,0.88228,0.9037,0.86242,0.0000125000
238,0.19425000250339508,0.88248,0.90385,0.86262,0.0000125000
239,0.1923699975013733,0.88268,0.90398,0.86283,0.0000125000
240,0.19251999258995056,0.88288,0.90413,0.86303,0.0000125000
241,0.19243000447750092,0.88308,0.90427,0.86323,0.0000125000
242,0.19221000373363495,0.88328,0.90441,0.86343,0.0000125000
243,0.19061000645160675,0.88348,0.90455,0.86363,0.0000125000
244,0.19296999275684357,0.88367,0.90469,0.86383,0.0000125000
245,0.1926099956035614,0.88387,0.90483,0.86402,0.0000125000
246,0.1923699975013733,0.88406,0.90497,0.86421,0.0000125000
247,0.19279000163078308,0.88425,0.90511,0.8644,0.0000125000
248,0.19469000399112701,0.88443,0.90525,0.86458,0.0000062500
249,0.1942099928855896,0.88461,0.90538,0.86477,0.0000062500
250,0.1930299997329712,0.8848,0.90552,0.86496,0.0000062500
251,0.1929599940776825,0.88498,0.90566,0.86515,0.0000062500
252,0.19367000460624695,0.88516,0.90579,0.86533,0.0000062500
253,0.1941699981689453,0.88534,0.90591,0.86551,0.0000062500
254,0.19402000308036804,0.88551,0.90606,0.86568,0.0000062500
255,0.19347000122070312,0.88569,0.9062,0.86585,0.0000062500
256,0.19261999428272247,0.88586,0.90633,0.86603,0.0000062500
257,0.19286000728607178,0.88603,0.90646,0.8662,0.0000062500
258,0.1929900050163269,0.8862,0.90659,0.86637,0.0000062500
259,0.19256000220775604,0.88637,0.90672,0.86655,0.0000062500
260,0.1919099986553192,0.88658,0.90684,0.86673,0.0000062500
261,0.19241000711917877,0.88685,0.90696,0.8669,0.0000062500
262,0.1938299983739853,0.88712,0.90708,0.86707,0.0000062500
263,0.1928499937057495,0.88738,0.9072,0.86723,0.0000062500
264,0.1936900019645691,0.88764,0.90732,0.8674,0.0000062500
265,0.19359999895095825,0.88789,0.90744,0.86756,0.0000062500
266,0.19311000406742096,0.88815,0.90756,0.86773,0.0000062500
267,0.19277000427246094,0.88841,0.90767,0.8679,0.0000062500
268,0.19356000423431396,0.88866,0.90779,0.86806,0.0000062500
269,0.19332000613212585,0.88891,0.9079,0.86821,0.0000062500
270,0.19293999671936035,0.88916,0.90802,0.86837,0.0000062500
271,0.19417999684810638,0.8894,0.90813,0.86853,0.0000062500
272,0.19099000096321106,0.88966,0.90824,0.86868,0.0000062500
273,0.1915300041437149,0.88991,0.90836,0.86884,0.0000062500
274,0.19337999820709229,0.89015,0.90848,0.86899,0.0000062500
275,0.19689999520778656,0.89039,0.90859,0.86915,0.0000031250
276,0.19487999379634857,0.89063,0.9087,0.86929,0.0000031250
277,0.1950799971818924,0.89086,0.90881,0.86944,0.0000031250
278,0.19357000291347504,0.89109,0.90892,0.86959,0.0000031250
279,0.19321000576019287,0.89132,0.90903,0.86974,0.0000031250
280,0.192890003323555,0.89155,0.90914,0.86989,0.0000031250
281,0.19280000030994415,0.89178,0.90925,0.87003,0.0000031250
282,0.19499999284744263,0.89201,0.90936,0.87018,0.0000031250
283,0.19436000287532806,0.89223,0.90946,0.87032,0.0000031250
284,0.19220000505447388,0.89246,0.90957,0.87047,0.0000031250
285,0.19317999482154846,0.89268,0.90968,0.87061,0.0000031250
286,0.19388000667095184,0.8929,0.90978,0.87075,0.0000031250
287,0.19325999915599823,0.89312,0.90988,0.87089,0.0000031250
288,0.19213999807834625,0.89334,0.90999,0.87103,0.0000031250
289,0.19381999969482422,0.89355,0.91009,0.87117,0.0000031250
290,0.19366000592708588,0.89377,0.91018,0.8713,0.0000031250
291,0.19366000592708588,0.89398,0.91027,0.87144,0.0000031250
292,0.19370000064373016,0.89419,0.91037,0.87157,0.0000031250
293,0.19530999660491943,0.89441,0.91047,0.8717,0.0000031250
294,0.1942099928855896,0.89462,0.91056,0.87183,0.0000015625
295,0.19538000226020813,0.89483,0.91066,0.87196,0.0000015625
296,0.19405999779701233,0.89504,0.91075,0.87209,0.0000015625
297,0.19404999911785126,0.89524,0.91085,0.87222,0.0000015625
298,0.19302000105381012,0.89545,0.91095,0.87235,0.0000015625
299,0.1933699995279312,0.89566,0.91104,0.87248,0.0000015625
300,0.19470000267028809,0.89586,0.91113,0.87261,0.0000015625
301,0.19528000056743622,0.89605,0.91122,0.87274,0.0000015625
302,0.19460999965667725,0.89624,0.91131,0.87286,0.0000015625
303,0.19392000138759613,0.89644,0.9114,0.87298,0.0000015625
304,0.19348999857902527,0.89663,0.91149,0.87311,0.0000007812
305,0.1947299987077713,0.89683,0.91158,0.87323,0.0000007812
306,0.1945600062608719,0.89702,0.91168,0.87335,0.0000007812
307,0.1937199980020523,0.89721,0.91177,0.87347,0.0000007812
308,0.19321000576019287,0.89741,0.91186,0.87359,0.0000007812
309,0.1945900022983551,0.8976,0.91194,0.87371,0.0000007812
310,0.19444000720977783,0.89778,0.91203,0.87383,0.0000007812
311,0.19584999978542328,0.89797,0.91212,0.87395,0.0000007812
312,0.19607000052928925,0.89815,0.9122,0.87406,0.0000007812
313,0.19550999999046326,0.89833,0.91228,0.87417,0.0000007812
314,0.19482000172138214,0.89852,0.91236,0.87428,0.0000003906
315,0.19370000064373016,0.89869,0.91244,0.8744,0.0000003906
316,0.19323000311851501,0.89887,0.91253,0.87452,0.0000003906
317,0.1950799971818924,0.89905,0.91261,0.87463,0.0000003906
318,0.19506999850273132,0.89922,0.91269,0.87473,0.0000003906
319,0.19453999400138855,0.8994,0.91277,0.87485,0.0000003906
320,0.1951099932193756,0.89957,0.91285,0.87496,0.0000003906
321,0.19220000505447388,0.89974,0.91293,0.87507,0.0000003906
322,0.1934400051832199,0.89992,0.91301,0.87518,0.0000003906
323,0.19518999755382538,0.90009,0.91309,0.87528,0.0000003906
324,0.19304999709129333,0.90026,0.91317,0.87539,0.0000001953
325,0.19413000345230103,0.90043,0.91326,0.8755,0.0000001953
326,0.19460999965667725,0.9006,0.91333,0.87561,0.0000001953
327,0.19589999318122864,0.90077,0.91341,0.87571,0.0000001953
328,0.1940300017595291,0.90093,0.91348,0.87582,0.0000001953
329,0.1943800002336502,0.90109,0.91356,0.87592,0.0000001953
330,0.19529999792575836,0.90126,0.91363,0.87603,0.0000001953
331,0.194350004196167,0.90142,0.91371,0.87613,0.0000001953
332,0.19336000084877014,0.90158,0.91378,0.87624,0.0000001953
333,0.1942799985408783,0.90175,0.91386,0.87634,0.0000001953
